42329.7891, 89.5223468542, 46.800121665
42330.7891, 89.52242244344549, 46.80009506809724
42331.7891, 89.5224903385624, 46.80006833130753
42332.7891, 89.52256984890398, 46.80003580432512
42333.7891, 89.52263713110405, 46.800010288493276
42334.7891, 89.52271935884886, 46.79997695467704
42335.7891, 89.52279448506667, 46.79995059964445
42336.7891, 89.52286729910145, 46.79991634532304
42337.7891, 89.52294185827598, 46.799892782810154
42338.7891, 89.52301901989443, 46.79985290628686
42339.7891, 89.52309650422205, 46.799822877906834
42340.7891, 89.5231659187101, 46.79979499931768
42341.7891, 89.52325436302588, 46.79976194159137
42342.7891, 89.52331840301792, 46.79974059492736
42343.7891, 89.52340590450316, 46.799709639612395
42344.7891, 89.52348328647197, 46.79967830426868
42345.7891, 89.52356500218102, 46.79964814883649
42346.7891, 89.52364047764186, 46.79961105076211
42347.7891, 89.52370962497554, 46.79958872993059
42348.7891, 89.52379106723131, 46.79955832136041
42349.7891, 89.5238628108063, 46.799532516310855
42350.7891, 89.52393721798616, 46.79949999594887
42351.7891, 89.52401780839539, 46.79947098344962
42352.7891, 89.5240976693749, 46.79944474086568
42353.7891, 89.52417290540642, 46.799412947772865
42354.7891, 89.52424581844164, 46.79938532779746
42355.7891, 89.52433011352322, 46.79935329019618
42356.7891, 89.52440341353899, 46.7993213731305
42357.7891, 89.52450315480708, 46.799284615973455
42358.7891, 89.52457581388875, 46.79925918532196
42359.7891, 89.52466160505023, 46.79923117032852
42360.7891, 89.52472597747683, 46.79919898399234
42361.7891, 89.5248108310662, 46.79917297008075
42362.7891, 89.52488363923821, 46.79914676465394
42363.7891, 89.52495105351345, 46.79911729056542
42364.7891, 89.52501916091106, 46.799087569425964
42365.7891, 89.52509214696677, 46.799064476671134
42366.7891, 89.52513626197995, 46.79904086918091
42367.7891, 89.52519944571432, 46.799018596174726
42368.7891, 89.52525156821967, 46.799004584102846
42369.7891, 89.5252959800171, 46.798979789188245
42370.7891, 89.52534358010378, 46.798969637634926
42371.7891, 89.52539174507133, 46.79894709028019
42372.7891, 89.52542846956689, 46.79893271420996
42373.7891, 89.52547664438536, 46.79891350372688
42374.7891, 89.52550822159104, 46.798902216908964
42375.7891, 89.52555256082492, 46.7988878489
42376.7891, 89.52558875086666, 46.7988717556
42377.7891, 89.52562969766736, 46.79885757074436
42378.7891, 89.5256540196115, 46.7988395691
42379.7891, 89.52569448024897, 46.7988288403
42380.7891, 89.5257264376, 46.79882155210978
42381.7891, 89.52575367376272, 46.798809443636706
42382.7891, 89.5257867875278, 46.7987966537
42383.7891, 89.52581935095577, 46.7987912893
42384.7891, 89.52583751323127, 46.798779061133544
42385.7891, 89.52587534750549, 46.7987698317
42386.7891, 89.52590713744812, 46.7987591028
42387.7891, 89.52593980738253, 46.79874520003916
42388.7891, 89.52597864170818, 46.79873940776346
42389.7891, 89.52601754006331, 46.79873472558185
42390.7891, 89.52605366814042, 46.7987269163
42391.7891, 89.52610452326618, 46.798720693083276
42392.7891, 89.52615502303992, 46.79871090423694
42393.7891, 89.52620049032565, 46.7987161875
42394.7891, 89.52625636737312, 46.79871105262452
42395.7891, 89.52631387862277, 46.798705987603334
42396.7891, 89.52635417813487, 46.7987054586
42397.7891, 89.52642001731063, 46.7987000942
42398.7891, 89.52645486964958, 46.7987054586
42399.7891, 89.52650625147515, 46.79869520241657
42400.7891, 89.52654229678096, 46.7986893654
42401.7891, 89.5265847445, 46.79868472571829
42402.7891, 89.52660978023872, 46.79867267488901
42403.7891, 89.52664583060188, 46.7986679077
42404.7891, 89.52667735179699, 46.79865492001504
42405.7891, 89.5267027617, 46.7986518145
42406.7891, 89.52672712008037, 46.798638330557
42407.7891, 89.5267478267549, 46.79863250156127
42408.7891, 89.52676803128249, 46.798619628
42409.7891, 89.5267671347, 46.7985981703
42410.7891, 89.52678824112651, 46.798582164793366
42411.7891, 89.5267885923, 46.7985647505726
42412.7891, 89.5267885923, 46.79854970780041
42413.7891, 89.5267885923, 46.798533089746165
42414.7891, 89.5267885923, 46.79851616944592
42415.7891, 89.5267885923, 46.7984961643397
42416.7891, 89.5267671347, 46.79848089791714
42417.7891, 89.5267669607715, 46.79847599934716
42418.7891, 89.5267443817774, 46.798459620051595
42419.7891, 89.5267288672725, 46.798453331
42420.7891, 89.5267027617, 46.7984426022
42421.7891, 89.52669280808747, 46.7984426022
42422.7891, 89.52667939199385, 46.7984426022
42423.7891, 89.5266544819, 46.7984426022
42424.7891, 89.52662681171161, 46.798446743858925
42425.7891, 89.526616931, 46.798453331
42426.7891, 89.5266008377, 46.79845997274189
42427.7891, 89.5265847445, 46.7984694242
42428.7891, 89.52657100599028, 46.7984694242
42429.7891, 89.5265686512, 46.79847794452643
42430.7891, 89.52654253375341, 46.79848248297329
42431.7891, 89.52654425309768, 46.798489411698846
42432.7891, 89.5265311003, 46.7984908819
42433.7891, 89.526515007, 46.7984962463
42434.7891, 89.526515007, 46.7985016108
42435.7891, 89.5265042782, 46.7984962463
42436.7891, 89.526515007, 46.7984908819
42437.7891, 89.526515007, 46.7984908819
42438.7891, 89.52650804112686, 46.798494364836564
42439.7891, 89.526515007, 46.7984908819
42440.7891, 89.5265042782, 46.7984962463
42441.7891, 89.526515007, 46.7985016108
42442.7891, 89.5265042782, 46.7984962463
42443.7891, 89.52651031422288, 46.7984992643677
42444.7891, 89.52650918257008, 46.79849869853076
42445.7891, 89.526515007, 46.7985016108
42446.7891, 89.5265042782, 46.7984962463
42447.7891, 89.526515007, 46.7984908819
42448.7891, 89.52650844140076, 46.79849416469962
42449.7891, 89.5265042782, 46.7984962463
42450.7891, 89.526515007, 46.7984908819
42451.7891, 89.52650574746052, 46.798495511669735
42452.7891, 89.52650816492721, 46.79849430293639
42453.7891, 89.5265042782, 46.7984962463
42454.7891, 89.52650863142553, 46.79849842295334
42455.7891, 89.52651117651186, 46.79849969552023
42456.7891, 89.52650899813966, 46.79849860631382
42457.7891, 89.52651157950602, 46.79849989702107
42458.7891, 89.5265042782, 46.7984962463
42459.7891, 89.526515007, 46.7985016108
42460.7891, 89.52650971706525, 46.79849352686737
42461.7891, 89.5265042782, 46.7984962463
42462.7891, 89.52650939328956, 46.798493688755215
42463.7891, 89.526515007, 46.7984908819
42464.7891, 89.5265042782, 46.7984962463
42465.7891, 89.526515007, 46.7984908819
42466.7891, 89.52651063599383, 46.79849233891111
42467.7891, 89.52650427816667, 46.798494458200004
42468.7891, 89.52649792033951, 46.79849657748889
42469.7891, 89.52649156251233, 46.79849869677778
42470.7891, 89.52648520468517, 46.79850081606667
42471.7891, 89.52643124261013, 46.79851946467453
42472.7891, 89.52634871798634, 46.79854803087377
42473.7891, 89.52626619336255, 46.798576597073
42474.7891, 89.52618366873875, 46.79860516327224
42475.7891, 89.52610114411496, 46.798633729471476
42476.7891, 89.52598726373205, 46.79868327629253
42477.7891, 89.52580932197583, 46.79876522265204
42478.7891, 89.52555620651464, 46.79885120699587
42479.7891, 89.52527138534994, 46.79896094683952
42480.7891, 89.52495810898994, 46.79906831231952
42481.7891, 89.52464483262993, 46.799175677799525
42482.7891, 89.52431410689422, 46.79931955131372
42483.7891, 89.5239300499737, 46.799471076275644
42484.7891, 89.52352576776109, 46.79963522314969
42485.7891, 89.52306296604444, 46.799803940622226
42486.7891, 89.52262222295623, 46.799943903798514
42487.7891, 89.52208139588964, 46.800184316895304
42488.7891, 89.52164384170534, 46.80036994594319
42489.7891, 89.52111671393742, 46.80057560290532
42490.7891, 89.52048485696871, 46.800804676452664
42491.7891, 89.51990422058566, 46.80105045817991
42492.7891, 89.51928089425924, 46.8012963928742
42493.7891, 89.51856918380095, 46.80155929479828
42494.7891, 89.517889, 46.801822
42495.7891, 89.5173062575679, 46.802037330392665
42496.7891, 89.51648643239086, 46.80239552427722
42497.7891, 89.51570471269065, 46.80269876447283
42498.7891, 89.51492299299042, 46.80300200466843
42499.7891, 89.5141412732902, 46.803305244864035
42500.7891, 89.51335955358998, 46.803608485059634
42501.7891, 89.51257783388976, 46.80391172525524
42502.7891, 89.51179611418954, 46.804214965450846
42503.7891, 89.51096175368832, 46.8045480987787
42504.7891, 89.51004614951111, 46.80492275573333
42505.7891, 89.50925819883956, 46.80522104126593
42506.7891, 89.50842057246594, 46.80555299730989
42507.7891, 89.5075829460923, 46.805884953353846
42508.7891, 89.50674531971868, 46.806216909397804
42509.7891, 89.50590769334505, 46.806548865441755
42510.7891, 89.50507006697143, 46.80688082148571
42511.7891, 89.504178, 46.807251
42512.7891, 89.50339388294798, 46.80755518104872
42513.7891, 89.50258209105868, 46.80786749478881
42514.7891, 89.50176906842233, 46.8081875705144
42515.7891, 89.50087756599204, 46.80852512143228
42516.7891, 89.5001296308026, 46.80885673449024
42517.7891, 89.49926066143443, 46.809172337841105
42518.7891, 89.49848043831383, 46.80947105274774
42519.7891, 89.49770466055047, 46.80979375229358
42520.7891, 89.49689870835496, 46.81012950337312
42521.7891, 89.49620846703648, 46.81036031235332
42522.7891, 89.49529371387672, 46.81072701448299
42523.7891, 89.4944681984, 46.811053050599995
42524.7891, 89.49373013147178, 46.811328897420985
42525.7891, 89.49288956835638, 46.811662453149
42526.7891, 89.492075, 46.811907
