35229.0938, 89.5044618845, 46.807090044
35230.0938, 89.50452486016835, 46.80708024675443
35231.0938, 89.50457644092234, 46.80705901108897
35232.0938, 89.50464295592211, 46.80703735455495
35233.0938, 89.50470658980943, 46.80701328893375
35234.0938, 89.504765085402, 46.80699255335223
35235.0938, 89.50483140322523, 46.806970762449694
35236.0938, 89.50488790467406, 46.806938352931645
35237.0938, 89.50495816724343, 46.80692219318439
35238.0938, 89.50502315389794, 46.80689900348533
35239.0938, 89.50509732773098, 46.806867564841774
35240.0938, 89.50517267261917, 46.806835232488496
35241.0938, 89.50524296463703, 46.80681028438115
35242.0938, 89.50532446137174, 46.806785695263144
35243.0938, 89.50540153634562, 46.80675416456826
35244.0938, 89.50547459606962, 46.80672829412896
35245.0938, 89.50555277601521, 46.80669253006854
35246.0938, 89.50563979035752, 46.80665570540788
35247.0938, 89.50572850032253, 46.80662409204277
35248.0938, 89.50581321638674, 46.80659074499761
35249.0938, 89.50589847928198, 46.80655574679934
35250.0938, 89.50599002880911, 46.806525230266594
35251.0938, 89.50608555075401, 46.80648498284453
35252.0938, 89.5061831030601, 46.806450823778405
35253.0938, 89.5062800576188, 46.80640931685834
35254.0938, 89.50637042999892, 46.80637344363067
35255.0938, 89.50647369196615, 46.80633820529979
35256.0938, 89.50657207772187, 46.80628971892144
35257.0938, 89.50667505071138, 46.806251256723264
35258.0938, 89.50678627358153, 46.806208775764915
35259.0938, 89.50689749645167, 46.80616629480657
35260.0938, 89.50700871932182, 46.806123813848224
35261.0938, 89.50711994219195, 46.80608133288988
35262.0938, 89.5072311650621, 46.80603885193153
35263.0938, 89.50734238793224, 46.80599637097319
35264.0938, 89.50745457325844, 46.80595323687285
35265.0938, 89.50757004350751, 46.80590787355796
35266.0938, 89.5076855137566, 46.80586251024308
35267.0938, 89.50781529251928, 46.80581026746103
35268.0938, 89.50793162320116, 46.80576139938612
35269.0938, 89.50805660306976, 46.80571517356463
35270.0938, 89.50819541548857, 46.80567000910766
35271.0938, 89.50832195435169, 46.80562022333813
35272.0938, 89.5084484932148, 46.805570437568605
35273.0938, 89.50858126571075, 46.80551653601856
35274.0938, 89.5087145662973, 46.805462285794626
35275.0938, 89.50884786688385, 46.8054080355707
35276.0938, 89.50898507467251, 46.80535444533792
35277.0938, 89.50912685075168, 46.805301626765086
35278.0938, 89.50925796149482, 46.80525118577915
35279.0938, 89.50937966353665, 46.80520284224282
35280.0938, 89.50950136557846, 46.80515449870649
35281.0938, 89.50962306762028, 46.805106155170165
35282.0938, 89.5097447696621, 46.80505781163384
35283.0938, 89.50986647170393, 46.80500946809751
35284.0938, 89.50998817374575, 46.80496112456118
35285.0938, 89.51010987578758, 46.80491278102485
35286.0938, 89.51023157782939, 46.804864437488526
35287.0938, 89.51035327987121, 46.8048160939522
35288.0938, 89.51047498191303, 46.80476775041587
35289.0938, 89.51059668395486, 46.80471940687954
35290.0938, 89.51071838599668, 46.804671063343214
35291.0938, 89.5108400880385, 46.804622719806886
35292.0938, 89.51096179008033, 46.80457437627056
35293.0938, 89.51108349212214, 46.80452603273423
35294.0938, 89.51120519416396, 46.8044776891979
35295.0938, 89.51132689620579, 46.804429345661575
35296.0938, 89.51144859824761, 46.80438100212525
35297.0938, 89.51156274023671, 46.804343825057
35298.0938, 89.51160982965497, 46.804342768022806
35299.0938, 89.51165600565555, 46.804342063048004
35300.0938, 89.51170218165613, 46.8043413580732
35301.0938, 89.5117483576567, 46.8043406530984
35302.0938, 89.51179453365728, 46.804339948123605
35303.0938, 89.51184070965786, 46.8043392431488
35304.0938, 89.51188688565844, 46.804338538174
35305.0938, 89.51193306165902, 46.8043378331992
35306.0938, 89.5119792376596, 46.8043371282244
35307.0938, 89.51202541366017, 46.8043364232496
35308.0938, 89.51207158966075, 46.8043357182748
35309.0938, 89.51211776566133, 46.8043350133
35310.0938, 89.51216394166191, 46.804334308325195
35311.0938, 89.51221011766249, 46.80433360335039
35312.0938, 89.51225629366307, 46.80433289837559
35313.0938, 89.5123012873979, 46.80435770700167
35314.0938, 89.5123459193659, 46.804390322649674
35315.0938, 89.5123905513339, 46.80442293829768
35316.0938, 89.5124252415037, 46.804459528981276
35317.0938, 89.51245435638386, 46.80449834883654
35318.0938, 89.51248149849297, 46.80453554194886
35319.0938, 89.5125060223305, 46.80457057603977
35320.0938, 89.51254319252476, 46.804614288954554
35321.0938, 89.51258179132806, 46.80465898228183
35322.0938, 89.51261556804965, 46.80470754689681
35323.0938, 89.51266279921957, 46.804755241719576
35324.0938, 89.51269837075753, 46.80480575121182
35325.0938, 89.51274370045294, 46.80485675516376
35326.0938, 89.5127804504409, 46.80490544132081
35327.0938, 89.51282159843458, 46.80495430459326
35328.0938, 89.5128679276, 46.805003123118894
35329.0938, 89.51289653936502, 46.80504977872951
35330.0938, 89.51294349007888, 46.805099663910845
35331.0938, 89.5129904784321, 46.80514918268695
35332.0938, 89.51303512111024, 46.80520356209272
35333.0938, 89.51306940159496, 46.805257216788775
35334.0938, 89.51310905410556, 46.8052979653413
35335.0938, 89.51314793590115, 46.80535332639994
35336.0938, 89.51319269944038, 46.80540061169411
35337.0938, 89.5132395444879, 46.80545566300438
35338.0938, 89.51328599516228, 46.805507183662286
35339.0938, 89.51332133232741, 46.8055614077918
35340.0938, 89.51336509153812, 46.80560862422726
35341.0938, 89.51340882346814, 46.80565833986941
35342.0938, 89.51345224687198, 46.80570990513299
35343.0938, 89.5134908691298, 46.80576920375643
35344.0938, 89.51353622465588, 46.80582028281244
35345.0938, 89.51355589365429, 46.805858428832025
35346.0938, 89.51358754916536, 46.80590766587619
35347.0938, 89.51358914341445, 46.805946829454435
35348.0938, 89.51358002194377, 46.805981483290275
35349.0938, 89.51356804601728, 46.80601341910661
35350.0938, 89.5135560700908, 46.80604535492295
35351.0938, 89.51352775004634, 46.80607616995367
35352.0938, 89.51350581059683, 46.80610851644583
35353.0938, 89.5134579085942, 46.80612313393257
35354.0938, 89.51341121910987, 46.80614066053308
35355.0938, 89.51336510893721, 46.806158703641685
35356.0938, 89.51331899876456, 46.80617674675028
35357.0938, 89.5132728885919, 46.806194789858885
35358.0938, 89.51322677841924, 46.80621283296749
35359.0938, 89.51318681988072, 46.806222990115934
35360.0938, 89.51313801025515, 46.806243516789536
35361.0938, 89.51308825677712, 46.8062584427773
35362.0938, 89.51304507307458, 46.80627567745017
35363.0938, 89.51300194101914, 46.80629293027234
35364.0938, 89.51295880896369, 46.80631018309452
35365.0938, 89.51290672504638, 46.80633833297309
35366.0938, 89.51287930013189, 46.806363190118624
35367.0938, 89.51285249451226, 46.80638793373793
35368.0938, 89.51283196821306, 46.806415660092746
35369.0938, 89.51282190744787, 46.80644835767339
35370.0938, 89.51281680329465, 46.80647817573627
35371.0938, 89.5128327282372, 46.80650815704548
35372.0938, 89.51285073049041, 46.80654158980831
35373.0938, 89.51285988193817, 46.8065670143326
35374.0938, 89.51288629176257, 46.80659342410231
35375.0938, 89.51291185019981, 46.80661864714818
35376.0938, 89.51293514709124, 46.80664071789103
35377.0938, 89.51295844398267, 46.806662788633886
35378.0938, 89.5129817408741, 46.806684859376745
35379.0938, 89.51300503776552, 46.8067069301196
35380.0938, 89.51301962965678, 46.80672376524321
35381.0938, 89.51303165376439, 46.8067393730161
35382.0938, 89.5130395889, 46.80675111945566
35383.0938, 89.5130556822, 46.80677717285286
35384.0938, 89.51307614285142, 46.80678327522429
35385.0938, 89.51309067555522, 46.80679780785522
35386.0938, 89.51308977126796, 46.80680382729657
35387.0938, 89.51309864896517, 46.806813815061204
35388.0938, 89.51311330733199, 46.80682381356599
35389.0938, 89.51312734048605, 46.80683973771303
35390.0938, 89.51314197053209, 46.8068596790909
35391.0938, 89.51315367467754, 46.80686748192726
35392.0938, 89.51316615614842, 46.8068786528953
35393.0938, 89.51317750751093, 46.8068912736049
35394.0938, 89.51318670362521, 46.80690353514776
35395.0938, 89.51319350012882, 46.80692248370797
35396.0938, 89.51319867829216, 46.8069291115
35397.0938, 89.5132072895794, 46.806943801020616
35398.0938, 89.51320804744368, 46.80694944892868
35399.0938, 89.51322176489016, 46.8069559336
35400.0938, 89.5132273436, 46.806961298
35401.0938, 89.51322237708257, 46.80696706037516
35402.0938, 89.5132268806736, 46.806972489717765
35403.0938, 89.51323517206212, 46.80698068948664
