42408.8828, 89.516762495, 46.8023103476
42409.8828, 89.51691633129116, 46.802243885315555
42410.8828, 89.5170897245, 46.8021762371
42411.8828, 89.51724636558, 46.8021161556
42412.8828, 89.51740407120437, 46.80205580949027
42413.8828, 89.51758364614976, 46.80198719184149
42414.8828, 89.51776118464284, 46.80192374636253
42415.8828, 89.51790491576219, 46.801866661334266
42416.8828, 89.51807129857839, 46.80180085320529
42417.8828, 89.5182376813946, 46.80173504507632
42418.8828, 89.51840406421081, 46.80166923694735
42419.8828, 89.51857044702702, 46.80160342881838
42420.8828, 89.51873682984322, 46.80153762068941
42421.8828, 89.51890321265942, 46.801471812560436
42422.8828, 89.51906959547564, 46.80140600443146
42423.8828, 89.51923597829185, 46.8013401963025
42424.8828, 89.51940163674693, 46.80126782417085
42425.8828, 89.51956916742974, 46.80120653380383
42426.8828, 89.51973613142981, 46.80114593252661
42427.8828, 89.51990104071771, 46.80108105020035
42428.8828, 89.52006774285714, 46.80101828915714
42429.8828, 89.52022095844485, 46.80095394290393
42430.8828, 89.52038961130346, 46.800892955961515
42431.8828, 89.52054227180697, 46.800829506956816
42432.8828, 89.5206928380736, 46.80077149555638
42433.8828, 89.5208484286343, 46.80071486042121
42434.8828, 89.52100000197898, 46.80065277014036
42435.8828, 89.52115157532366, 46.80059067985951
42436.8828, 89.52129896498936, 46.80053808348908
42437.8828, 89.5214355889303, 46.80048861112223
42438.8828, 89.52156295063352, 46.80043600523835
42439.8828, 89.5217051255357, 46.80037645338593
42440.8828, 89.52184278180154, 46.80032409558681
42441.8828, 89.52198165638805, 46.80026623113981
42442.8828, 89.52213148379352, 46.8002045944744
42443.8828, 89.52227096579863, 46.800152950689345
42444.8828, 89.52241015158037, 46.800100923668005
42445.8828, 89.52257578360134, 46.800039386849335
42446.8828, 89.52271054008612, 46.79998023828999
42447.8828, 89.52286313264175, 46.799920909264465
42448.8828, 89.52301722332386, 46.79985508648049
42449.8828, 89.52315889456223, 46.79980315206645
42450.8828, 89.52332199810535, 46.79973597160536
42451.8828, 89.52346122164163, 46.79967355757848
42452.8828, 89.52361747424695, 46.79961556275606
42453.8828, 89.52375669559738, 46.7995634790128
42454.8828, 89.52389492717997, 46.79950257586344
42455.8828, 89.52404613661982, 46.79944431996069
42456.8828, 89.52417839046014, 46.79939853985449
42457.8828, 89.52430827344787, 46.79935238832592
42458.8828, 89.52444332154174, 46.79930397382483
42459.8828, 89.52458004275509, 46.79924050939417
42460.8828, 89.52470141906056, 46.79919155785635
42461.8828, 89.52482963166281, 46.799149759311575
42462.8828, 89.5249614005321, 46.799094199992886
42463.8828, 89.52507403710621, 46.79905010375875
42464.8828, 89.5251911214255, 46.79900262098725
42465.8828, 89.52530235320178, 46.79896199598339
42466.8828, 89.52539545174935, 46.79892253962599
42467.8828, 89.525487148966, 46.79888976414407
42468.8828, 89.52558344967498, 46.79886278330705
42469.8828, 89.5256468517303, 46.7988286935607
42470.8828, 89.52572734279092, 46.79880171646782
42471.8828, 89.52578169132427, 46.7987698317
42472.8828, 89.52584232801664, 46.798759575420966
42473.8828, 89.52589037501896, 46.79874429690951
42474.8828, 89.52593658124106, 46.79873018212641
42475.8828, 89.5260061187145, 46.7987215519
42476.8828, 89.5260462877751, 46.7987269163
42477.8828, 89.526111896194, 46.79872044641636
42478.8828, 89.52616291957592, 46.79871800077745
42479.8828, 89.52623447957134, 46.7987215519
42480.8828, 89.5263042227581, 46.7987215519
42481.8828, 89.52636159807263, 46.798719810142195
42482.8828, 89.52642486637974, 46.7987215519
42483.8828, 89.52648047598649, 46.7987161875
42484.8828, 89.52654514997094, 46.79871218545271
42485.8828, 89.52660422549717, 46.79871185835813
42486.8828, 89.52666878950548, 46.79869013065275
42487.8828, 89.52670115207573, 46.79867005386235
42488.8828, 89.5267536730658, 46.7986545472342
42489.8828, 89.52678819550226, 46.798625190798866
42490.8828, 89.52682359668209, 46.79859407920301
42491.8828, 89.5268208227021, 46.798566203307274
42492.8828, 89.5268422365, 46.798548595277396
42493.8828, 89.5268261433, 46.79852306954453
42494.8828, 89.52681329857319, 46.798499494873184
42495.8828, 89.5267885923, 46.7984855175
42496.8828, 89.52676515803839, 46.798473800359986
42497.8828, 89.52673587975444, 46.79846429268861
42498.8828, 89.52670154440229, 46.7984694242
42499.8828, 89.52667248070719, 46.79846469499845
42500.8828, 89.52662962397594, 46.79846587307745
42501.8828, 89.526605277476, 46.79847182884014
42502.8828, 89.52657054493082, 46.79847983747918
42503.8828, 89.52651999715503, 46.79848634918992
42504.8828, 89.52649982092227, 46.79850070366083
42505.8828, 89.52645339418805, 46.79851724397008
42506.8828, 89.52643229966061, 46.79853707945312
42507.8828, 89.52639913534873, 46.79854345385384
42508.8828, 89.5263648033, 46.79854873078018
42509.8828, 89.5263594389, 46.7985606194
42510.8828, 89.52634351257893, 46.7985659838
42511.8828, 89.52634070729668, 46.79857002904834
42512.8828, 89.5263326168, 46.7985659838
42513.8828, 89.5263326168, 46.7985659838
42514.8828, 89.52634176576876, 46.79857055828438
42515.8828, 89.52633874754285, 46.79856904917143
42516.8828, 89.5263433456, 46.7985713482
42517.8828, 89.52633400123275, 46.79856667601638
42518.8828, 89.52633614415403, 46.798567747477016
42519.8828, 89.5263326168, 46.7985659838
42520.8828, 89.5263433456, 46.7985713482
42521.8828, 89.52632913386343, 46.798569466736566
42522.8828, 89.5263272524, 46.7985713482
42523.8828, 89.52630434435981, 46.7985767126
42524.8828, 89.5262897015, 46.79859184704288
42525.8828, 89.52624998024264, 46.79860293217193
42526.8828, 89.52619437789166, 46.798626368569444
42527.8828, 89.52610180105613, 46.79865806029148
42528.8828, 89.52597000777914, 46.79870995454888
42529.8828, 89.52582090093215, 46.798758194957166
42530.8828, 89.52564767152198, 46.798836743245936
42531.8828, 89.5254303838939, 46.79891333201452
42532.8828, 89.52518073161875, 46.79900091972959
42533.8828, 89.52490689639733, 46.79909037767673
42534.8828, 89.52465366951111, 46.799190665244446
42535.8828, 89.52432530528745, 46.799340909567775
42536.8828, 89.52395810577138, 46.79943396474287
42537.8828, 89.52356662077649, 46.79962869632738
42538.8828, 89.52320010350915, 46.799758694769366
42539.8828, 89.52275043987875, 46.79994825294712
42540.8828, 89.52233366366757, 46.80007090974863
42541.8828, 89.52181871317333, 46.80030819370666
42542.8828, 89.52135654742857, 46.800463090514285
42543.8828, 89.52082778499175, 46.800676322770435
42544.8828, 89.52022057891554, 46.80088103446885
42545.8828, 89.51973746886526, 46.80107973247993
42546.8828, 89.51911056110819, 46.801361483955816
42547.8828, 89.51845213571804, 46.801606092056815
42548.8828, 89.51786587664857, 46.80185697032584
42549.8828, 89.51715088363085, 46.802149018693164
42550.8828, 89.51642097672068, 46.80243387871971
42551.8828, 89.51569070363357, 46.802714939174756
42552.8828, 89.51496043054647, 46.80299599962981
42553.8828, 89.51423015745935, 46.80327706008486
42554.8828, 89.51349988437224, 46.803558120539904
42555.8828, 89.51276961128514, 46.803839180994956
42556.8828, 89.51203933819802, 46.80412024145001
42557.8828, 89.51123232089114, 46.80442510846199
42558.8828, 89.51041846838737, 46.80474199732752
42559.8828, 89.50953179439252, 46.80508875416498
42560.8828, 89.50876576672981, 46.805406581844245
42561.8828, 89.50789791562133, 46.805736314064816
42562.8828, 89.50707687850986, 46.80604087654915
42563.8828, 89.50629111401724, 46.80632647456624
42564.8828, 89.50550534952463, 46.80661207258333
42565.8828, 89.5046716006095, 46.80694145772747
42566.8828, 89.50385525012699, 46.80725577923397
42567.8828, 89.5030740432, 46.80755732
42568.8828, 89.50224005979858, 46.80787248845993
