22870.625, 89.5124548674, 46.8040001392
22871.625, 89.51251179185947, 46.80398235030227
22872.625, 89.51257179145084, 46.803963853911746
22873.625, 89.51263496363865, 46.80394462760485
22874.625, 89.5126871674784, 46.803921908246956
22875.625, 89.51275601175398, 46.80389110949653
22876.625, 89.51282485602957, 46.80386031074611
22877.625, 89.5128936763533, 46.80382970419104
22878.625, 89.51298213834325, 46.80380350968271
22879.625, 89.5130672407797, 46.80376841225619
22880.625, 89.5131568919427, 46.80372683956318
22881.625, 89.51325039012747, 46.80368531658432
22882.625, 89.51336696035803, 46.80364782841669
22883.625, 89.5134789631768, 46.803606917913555
22884.625, 89.5136050715351, 46.803553967875985
22885.625, 89.51371871994414, 46.80350661470175
22886.625, 89.51385855892825, 46.80345207367351
22887.625, 89.51398825401465, 46.803402484396685
22888.625, 89.51412983628641, 46.803350221169296
22889.625, 89.51427383756374, 46.803291646750736
22890.625, 89.51442654370895, 46.80323391090138
22891.625, 89.51458588520457, 46.80317638452443
22892.625, 89.51474354935189, 46.80311512156202
22893.625, 89.51490191869337, 46.80305001208647
22894.625, 89.51506620405034, 46.802981061048804
22895.625, 89.51523337053591, 46.80291495807418
22896.625, 89.51540084576831, 46.802851689654595
22897.625, 89.51556832100073, 46.802788421235
22898.625, 89.51574331468525, 46.80272067326002
22899.625, 89.51591995540848, 46.80265194396588
22900.625, 89.5160965961317, 46.80258321467174
22901.625, 89.51627323685493, 46.8025144853776
22902.625, 89.51644987757815, 46.802445756083465
22903.625, 89.51662651830136, 46.80237702678932
22904.625, 89.51680315902459, 46.80230829749518
22905.625, 89.51697979974782, 46.802239568201045
22906.625, 89.51715183749509, 46.802171323354244
22907.625, 89.51731865958361, 46.80210362743753
22908.625, 89.51748548167213, 46.80203593152082
22909.625, 89.51765230376064, 46.80196823560411
22910.625, 89.51781916488463, 46.80190055424447
22911.625, 89.51798723810995, 46.801833324900635
22912.625, 89.51815610352239, 46.801772698812115
22913.625, 89.51832285234623, 46.801710311533704
22914.625, 89.51848246730763, 46.80164706788458
22915.625, 89.51864208226904, 46.80158382423545
22916.625, 89.51880018823717, 46.80152087167376
22917.625, 89.51895428383763, 46.80145869271897
22918.625, 89.51910777464516, 46.80139782119029
22919.625, 89.51925977826038, 46.80134016463648
22920.625, 89.5194101792533, 46.801282472296066
22921.625, 89.51955556593084, 46.80122466798586
22922.625, 89.5197009526084, 46.80116686367566
22923.625, 89.51984591960064, 46.8011074505072
22924.625, 89.51999530013117, 46.80104591334309
22925.625, 89.52014860624129, 46.800987613834145
22926.625, 89.52030225187643, 46.800928944896214
22927.625, 89.52045811465078, 46.80086786354241
22928.625, 89.52061397742513, 46.80080678218861
22929.625, 89.52077049759893, 46.8007348598396
22930.625, 89.52093395119562, 46.80068146178391
22931.625, 89.5210934649384, 46.80061984919838
22932.625, 89.52125275970097, 46.80055882091607
22933.625, 89.52141085580037, 46.80049682241853
22934.625, 89.52156895189975, 46.80043482392098
22935.625, 89.5217271470652, 46.800372757452664
22936.625, 89.52189159355333, 46.80030640185408
22937.625, 89.5220533396669, 46.80023968413354
22938.625, 89.522235091789, 46.80018559280967
22939.625, 89.52238549310388, 46.80011299361596
22940.625, 89.52254584590528, 46.80005131947632
22941.625, 89.5227061987067, 46.799989645336666
22942.625, 89.52285939464983, 46.799933424587564
22943.625, 89.5230080180743, 46.79988006016438
22944.625, 89.52315102688085, 46.79981605650638
22945.625, 89.52330621896742, 46.799759523855165
22946.625, 89.52346103338344, 46.79969970987806
22947.625, 89.52360947398206, 46.79964550039374
22948.625, 89.5237641285713, 46.79958159339214
22949.625, 89.52389290518255, 46.79952422598642
22950.625, 89.52405449847603, 46.79946165569667
22951.625, 89.52418479264425, 46.7994055847176
22952.625, 89.52433024844528, 46.79934718434213
22953.625, 89.52449043965662, 46.79929811828918
22954.625, 89.52463616065039, 46.799237694134824
22955.625, 89.5247818104837, 46.799178503944276
22956.625, 89.52491316847424, 46.7991298566642
22957.625, 89.5250481559693, 46.79907568171742
22958.625, 89.52517248288605, 46.79902322139298
22959.625, 89.52530609519025, 46.798978814907834
22960.625, 89.52542895891108, 46.79892803268797
22961.625, 89.52553042893028, 46.798891150440966
22962.625, 89.5256311655008, 46.79885348225888
22963.625, 89.52571940282405, 46.79882092534087
22964.625, 89.52581350434835, 46.798792940087786
22965.625, 89.52590796286991, 46.7987698317
22966.625, 89.52599349763136, 46.7987591028
22967.625, 89.52607687815183, 46.79874981841388
22968.625, 89.52615086930717, 46.798748374
22969.625, 89.52624086211934, 46.79874509120038
22970.625, 89.5263206638321, 46.79874162944739
22971.625, 89.5264039493888, 46.79873945739346
22972.625, 89.52648913301367, 46.79873575196053
22973.625, 89.52657142517204, 46.7987269163
22974.625, 89.52664088502733, 46.798718129905204
22975.625, 89.526708723667, 46.7986893654
22976.625, 89.52676066501034, 46.79867349319958
22977.625, 89.52683039492058, 46.798648980059866
22978.625, 89.52687404586928, 46.79863239637447
22979.625, 89.52690572928793, 46.798597609779115
22980.625, 89.52694347755109, 46.7985659838
22981.625, 89.52695104351758, 46.79853956597363
22982.625, 89.52695884011123, 46.79850219066276
22983.625, 89.52693758589956, 46.79847236848785
22984.625, 89.52692418073245, 46.79845177641877
22985.625, 89.52688582137712, 46.79841689589936
22986.625, 89.52686313574648, 46.79840945441429
22987.625, 89.5268435134346, 46.79839559932667
22988.625, 89.52680758810972, 46.7983835936
22989.625, 89.5267685630702, 46.7983835936
22990.625, 89.52674940415254, 46.7983835936
22991.625, 89.52671652131868, 46.79838973587469
22992.625, 89.5266866684, 46.7983943224
22993.625, 89.52666363846555, 46.79840199902097
22994.625, 89.5266330242, 46.79840815684186
22995.625, 89.52660313673572, 46.79841539692143
22996.625, 89.5266008377, 46.7984311065679
22997.625, 89.52658090465701, 46.79843851768894
22998.625, 89.52656075285904, 46.79844655135207
22999.625, 89.52654000780949, 46.79845692385362
23000.625, 89.52651515242897, 46.79846935157284
23001.625, 89.52649819577898, 46.798480871092664
23002.625, 89.52648738258608, 46.798491684235174
23003.625, 89.52648932783491, 46.798502753634914
23004.625, 89.52649574595506, 46.79851286757252
23005.625, 89.52647439929105, 46.798516425338796
23006.625, 89.5264667273, 46.798517704
23007.625, 89.526472832842, 46.79852177436133
23008.625, 89.5264667273, 46.798517704
23009.625, 89.52647440310355, 46.79852282120236
23010.625, 89.5264828205, 46.7985284328
23011.625, 89.5264828205, 46.7985284328
23012.625, 89.52647166320722, 46.798520994604814
23013.625, 89.5264828205, 46.798517704
23014.625, 89.5264828205, 46.798512545618316
23015.625, 89.52647453490731, 46.798521846777035
23016.625, 89.52646027800914, 46.79852883959815
23017.625, 89.52642550907129, 46.798541878000485
23018.625, 89.52636496493426, 46.79856098230357
23019.625, 89.52625127839721, 46.798610414238794
23020.625, 89.52615052069285, 46.79864773194314
23021.625, 89.525988964477, 46.798717672774
23022.625, 89.52576989098915, 46.798795989556346
23023.625, 89.52555819846651, 46.79888638257564
23024.625, 89.52532236940006, 46.798976552474784
23025.625, 89.52503434959281, 46.79909218310474
23026.625, 89.52472578910361, 46.79921769924642
23027.625, 89.52434138688088, 46.799355177235654
23028.625, 89.52398342215498, 46.799501864522504
23029.625, 89.5235891429638, 46.79966953999418
23030.625, 89.52315249657384, 46.7998361989354
23031.625, 89.5226827945569, 46.80001773167748
23032.625, 89.5221967956928, 46.80019978093922
23033.625, 89.5216500773001, 46.80040418371469
23034.625, 89.521101329, 46.80060906005
23035.625, 89.520511329, 46.80082356005
23036.625, 89.51991954278661, 46.80104090629
23037.625, 89.51929145721338, 46.80131609371001
23038.625, 89.51858704738308, 46.80153955373181
23039.625, 89.51793046002363, 46.80183475305238
23040.625, 89.51722145235954, 46.80209873885663
23041.625, 89.51651073018729, 46.802361681524495
23042.625, 89.51579757981928, 46.80266829819277
23043.625, 89.51502720750331, 46.80299280979844
23044.625, 89.51421920397235, 46.80330235812858
23045.625, 89.51341120044137, 46.803611906458734
23046.625, 89.51258641243398, 46.803924883177565
23047.625, 89.51170645186744, 46.80424623671752
23048.625, 89.5108680149003, 46.804569827563334
23049.625, 89.51002351739842, 46.80490674227351
23050.625, 89.50917901989654, 46.805243656983684
23051.625, 89.50833452239466, 46.80558057169386
23052.625, 89.5074783632, 46.8059080032
23053.625, 89.50664220698182, 46.806278440145455
23054.625, 89.50583057061817, 46.80661153105454
23055.625, 89.50501602559875, 46.80694168796664
23056.625, 89.5041438076803, 46.807213568529505
23057.625, 89.50335495869602, 46.80756705803038
23058.625, 89.5024573626022, 46.80788382189833
23059.625, 89.50160220944845, 46.80825709471725
23060.625, 89.50079574489682, 46.808573891868036
23061.625, 89.49992956124458, 46.808921228042536
23062.625, 89.49912047408185, 46.80926793494229
23063.625, 89.49829717472572, 46.809617388459976
23064.625, 89.49749114956151, 46.8099336845224
23065.625, 89.49664617788908, 46.81026060730848
23066.625, 89.49579062601936, 46.81059957633226
23067.625, 89.49496410816657, 46.81091960465117
23068.625, 89.49413286044592, 46.81124612221305
23069.625, 89.49333771530443, 46.81157167361492
23070.625, 89.49248497316268, 46.811945707679605
23071.625, 89.49167077224705, 46.8122134634295
