43606.1641, 89.5264828205, 46.7985284328
43607.1641, 89.52648158134261, 46.798527606695075
43608.1641, 89.52648198320418, 46.79852787460279
43609.1641, 89.5264667273, 46.798517704
43610.1641, 89.5264828205, 46.7985284328
43611.1641, 89.52648103200336, 46.798527240468914
43612.1641, 89.5264826003931, 46.79852828606207
43613.1641, 89.52647955036176, 46.79852625270784
43614.1641, 89.52647017605305, 46.7985200031687
43615.1641, 89.52646756205951, 46.798518260506334
43616.1641, 89.52646821875324, 46.79851869830215
43617.1641, 89.52648145524914, 46.79852752263276
43618.1641, 89.5264710526357, 46.798520587557135
43619.1641, 89.5264828205, 46.7985284328
43620.1641, 89.52648058741408, 46.79852694407605
43621.1641, 89.52647730201477, 46.79852475380984
43622.1641, 89.52647401661545, 46.798522563543635
43623.1641, 89.52647073121615, 46.79852037327743
43624.1641, 89.52646744581683, 46.79851818301122
43625.1641, 89.52646924595253, 46.798519383101684
43626.1641, 89.52647246962145, 46.7985215322143
43627.1641, 89.52647569329038, 46.79852368132691
43628.1641, 89.52647891695929, 46.79852583043953
43629.1641, 89.52648214062822, 46.79852797955215
43630.1641, 89.52648029642143, 46.798526750080946
43631.1641, 89.52647709774119, 46.79852461762746
43632.1641, 89.52647389906096, 46.79852248517397
43633.1641, 89.52647070038073, 46.79852035272048
43634.1641, 89.5264675017005, 46.798518220266985
43635.1641, 89.5264667273, 46.798517704
43636.1641, 89.5264667273, 46.798517704
43637.1641, 89.5264667273, 46.798517704
43638.1641, 89.5264667273, 46.798517704
43639.1641, 89.5264667273, 46.798517704
43640.1641, 89.52646864492516, 46.79851706479161
43641.1641, 89.52647175190047, 46.798516029133175
43642.1641, 89.52647485887577, 46.79851499347474
43643.1641, 89.52647796585107, 46.798513957816304
43644.1641, 89.52648107282639, 46.79851292215787
43645.1641, 89.5264828205, 46.798513719738196
43646.1641, 89.5264828205, 46.79851687433978
43647.1641, 89.5264828205, 46.79852002894137
43648.1641, 89.5264828205, 46.798523183542954
43649.1641, 89.5264828205, 46.79852633814454
43650.1641, 89.52648174742838, 46.79852771741892
43651.1641, 89.52647855376284, 46.798525588308564
43652.1641, 89.52647536009731, 46.7985234591982
43653.1641, 89.52647216643177, 46.798521330087844
43654.1641, 89.52646897276624, 46.79851920097749
43655.1641, 89.5264667273, 46.798517704
43656.1641, 89.5264667273, 46.798517704
43657.1641, 89.5264667273, 46.798517704
43658.1641, 89.5264667273, 46.798517704
43659.1641, 89.5264667273, 46.798517704
43660.1641, 89.5264667273, 46.798517704
43661.1641, 89.5264667273, 46.798517704
43662.1641, 89.5264667273, 46.798517704
43663.1641, 89.5264667273, 46.798517704
43664.1641, 89.5264667273, 46.798517704
43665.1641, 89.5264667273, 46.798517704
43666.1641, 89.5264667273, 46.798517704
43667.1641, 89.5264667273, 46.798517704
43668.1641, 89.5264667273, 46.798517704
43669.1641, 89.5264667273, 46.798517704
43670.1641, 89.5264671308973, 46.79851797306486
43671.1641, 89.52647035967566, 46.79852012558377
43672.1641, 89.52647358845402, 46.79852227810268
43673.1641, 89.52647681723238, 46.79852443062159
43674.1641, 89.52648004601075, 46.7985265831405
43675.1641, 89.5264828205, 46.79852797202117
43676.1641, 89.5264828205, 46.79852469711834
43677.1641, 89.5264828205, 46.79852142221551
43678.1641, 89.5264828205, 46.79851814731268
43679.1641, 89.5264828205, 46.798514872409854
43680.1641, 89.5264828205, 46.79851304683564
43681.1641, 89.5264828205, 46.798516167910826
43682.1641, 89.5264828205, 46.798519288986014
43683.1641, 89.5264828205, 46.7985224100612
43684.1641, 89.5264828205, 46.79852553113639
43685.1641, 89.52648259528361, 46.798528282655745
43686.1641, 89.52647939163668, 46.79852614689112
43687.1641, 89.52647618798976, 46.7985240111265
43688.1641, 89.52647298434282, 46.79852187536188
43689.1641, 89.52646978069589, 46.79851973959726
43690.1641, 89.52646687944399, 46.79851765328534
43691.1641, 89.52647012345213, 46.79851657194929
43692.1641, 89.52647336746027, 46.79851549061324
43693.1641, 89.52647661146841, 46.798514409277196
43694.1641, 89.52647985547655, 46.79851332794115
43695.1641, 89.52648245932996, 46.79851261047627
43696.1641, 89.52647825967833, 46.79851576020031
43697.1641, 89.52647406002671, 46.79851890992435
43698.1641, 89.52646986037509, 46.798522059648384
43699.1641, 89.52646566072347, 46.79852520937242
43700.1641, 89.52646146107186, 46.79852835909646
43701.1641, 89.52646539636685, 46.7985284328
43702.1641, 89.5264695265807, 46.7985284328
43703.1641, 89.52647365679454, 46.7985284328
43704.1641, 89.52647778700837, 46.7985284328
43705.1641, 89.52648191722223, 46.7985284328
43706.1641, 89.52647933688421, 46.7985284328
43707.1641, 89.52647487814134, 46.7985284328
43708.1641, 89.52647041939849, 46.7985284328
43709.1641, 89.52646596065564, 46.7985284328
43710.1641, 89.52646150191278, 46.7985284328
43711.1641, 89.52646240222552, 46.79852635398771
43712.1641, 89.52646347512552, 46.79852420822771
43713.1641, 89.52646454802553, 46.79852206246771
43714.1641, 89.52646562092552, 46.79851991670771
43715.1641, 89.52646669382553, 46.79851777094771
43716.1641, 89.52646980702191, 46.798519757147936
43717.1641, 89.52647298592561, 46.79852187641707
43718.1641, 89.52647616482932, 46.79852399568621
43719.1641, 89.52647934373302, 46.798526114955344
43720.1641, 89.52648252263671, 46.79852823422448
43721.1641, 89.52647989431688, 46.79852648201125
43722.1641, 89.52647666560328, 46.798524329535525
43723.1641, 89.5264734368897, 46.7985221770598
43724.1641, 89.52647020817612, 46.79852002458408
43725.1641, 89.52646697946254, 46.798517872108356
43726.1641, 89.5264667273, 46.798517704
43727.1641, 89.5264667273, 46.798517704
43728.1641, 89.5264667273, 46.798517704
43729.1641, 89.5264667273, 46.798517704
43730.1641, 89.52646687825423, 46.79851765368193
43731.1641, 89.52647009689422, 46.79851658080193
43732.1641, 89.52647331553422, 46.79851550792193
43733.1641, 89.52647653417421, 46.79851443504193
43734.1641, 89.52647975281421, 46.79851336216193
43735.1641, 89.5264828205, 46.798512484661806
43736.1641, 89.5264828205, 46.798515577664055
43737.1641, 89.5264828205, 46.798518670666304
43738.1641, 89.5264828205, 46.79852176366855
43739.1641, 89.5264828205, 46.7985248566708
43740.1641, 89.5264828205, 46.798527949673044
43741.1641, 89.52648010461157, 46.79852662220771
43742.1641, 89.52647688597156, 46.79852447644771
43743.1641, 89.52647366733157, 46.79852233068771
43744.1641, 89.52647044869157, 46.79852018492771
43745.1641, 89.52646723005157, 46.79851803916771
43746.1641, 89.5264667273, 46.798517704
43747.1641, 89.5264667273, 46.798517704
43748.1641, 89.5264667273, 46.798517704
43749.1641, 89.5264667273, 46.798517704
43750.1641, 89.5264667273, 46.798517704
43751.1641, 89.5264667273, 46.798517704
43752.1641, 89.5264667273, 46.798517704
43753.1641, 89.5264667273, 46.798517704
43754.1641, 89.5264667273, 46.798517704
43755.1641, 89.5264667273, 46.798517704
43756.1641, 89.52643660430955, 46.79852938434908
43757.1641, 89.52638378475767, 46.79854986541007
43758.1641, 89.52633096520577, 46.79857034647105
43759.1641, 89.52627814565388, 46.79859082753204
43760.1641, 89.52622532610198, 46.798611308593024
43761.1641, 89.52613613480014, 46.79864680801424
43762.1641, 89.5259818754556, 46.79871293107906
43763.1641, 89.52578840589898, 46.79879259503493
43764.1641, 89.52555419435417, 46.79887668575822
43765.1641, 89.52529833746537, 46.798985316623515
43766.1641, 89.52502190080493, 46.799091700674154
43767.1641, 89.52466956965, 46.79919912385
43768.1641, 89.52430466666667, 46.799319000000004
43769.1641, 89.52397101964246, 46.799487215404994
43770.1641, 89.52352688655094, 46.79962222268981
43771.1641, 89.5231385004507, 46.79980114386155
43772.1641, 89.52261000992488, 46.80001291457193
43773.1641, 89.52212690777338, 46.80020997891963
43774.1641, 89.5216467031163, 46.8003781572992
43775.1641, 89.52102595340502, 46.80059728264209
43776.1641, 89.52048005639912, 46.80081606507592
43777.1641, 89.51989150556378, 46.80106773248858
43778.1641, 89.51928159678046, 46.801303520461595
43779.1641, 89.51863424027572, 46.801551278188086
43780.1641, 89.51794839724342, 46.80181281048486
43781.1641, 89.51720064799134, 46.80210811766443
43782.1641, 89.51646410383333, 46.80241255477633
43783.1641, 89.51571642351716, 46.802713548387096
43784.1641, 89.51493835, 46.8030045
43785.1641, 89.51416594999999, 46.803296499999995
43786.1641, 89.51339354999999, 46.8035885
43787.1641, 89.51250846953404, 46.803951164874555
43788.1641, 89.51162582384642, 46.80428879858538
43789.1641, 89.5107132255639, 46.80462239598997
43790.1641, 89.50979127783744, 46.804974765007756
43791.1641, 89.50886933011098, 46.80532713402554
43792.1641, 89.50794738238453, 46.80567950304332
43793.1641, 89.50708843819467, 46.80599871685192
43794.1641, 89.50616730076997, 46.80634095717036
43795.1641, 89.50529134962406, 46.80665987271751
43796.1641, 89.50438047361976, 46.8070006745325
43797.1641, 89.50339867658222, 46.80735732862565
43798.1641, 89.5025208581589, 46.807692303190414
43799.1641, 89.50159384658006, 46.80803720118456
43800.1641, 89.50065554666666, 46.808378970666666
43801.1641, 89.4998270365086, 46.80872411078472
43802.1641, 89.49890359277187, 46.80905337603528
43803.1641, 89.4979987883959, 46.80940560366894
43804.1641, 89.49713253056721, 46.8096960361951
43805.1641, 89.49622419931741, 46.81003450307167
43806.1641, 89.49530203629669, 46.81040049815886
43807.1641, 89.49444563245922, 46.81070153541194
43808.1641, 89.49355119298538, 46.81100935039893
43809.1641, 89.49264971958696, 46.81133897579864
43810.1641, 89.49177075371844, 46.81167695918368
